0 0.490075 0.692857 0.059552 0.059184
0 0.492365 0.545918 0.076349 0.055102
0 0.331269 0.525510 0.080930 0.083673
0 0.278588 0.453061 0.058025 0.048980
0 0.453427 0.454082 0.071768 0.059184
0 0.581693 0.472449 0.068714 0.051020
0 0.604598 0.418367 0.038174 0.044898
0 0.833644 0.446939 0.053444 0.069388
0 0.758059 0.610204 0.091619 0.093878
0 0.724466 0.504082 0.070241 0.057143
0 0.638955 0.496939 0.082457 0.079592
0 0.612233 0.338776 0.099253 0.053061
0 0.532067 0.366327 0.048863 0.055102
0 0.483203 0.395918 0.042755 0.053061
0 0.425178 0.381633 0.051917 0.061224
0 0.381375 0.506655 0.034523 0.047915
0 0.358803 0.696539 0.049129 0.047915
0 0.608098 0.675244 0.073693 0.063886
0 0.624696 0.608696 0.077677 0.122449
0 0.653907 0.621562 0.044481 0.057675
0 0.751430 0.840379 0.046900 0.068513
0 0.855592 0.715015 0.054535 0.062682
0 0.917628 0.585714 0.047336 0.065306
0 0.911520 0.648980 0.068714 0.065306
0 0.922973 0.479592 0.058025 0.065306
0 0.964964 0.429592 0.025959 0.051020
0 0.969885 0.372449 0.060230 0.079592
0 0.786308 0.696939 0.047336 0.124490
0 0.528249 0.572449 0.050390 0.055102
0 0.225144 0.612245 0.054971 0.053061
0 0.190024 0.578571 0.030540 0.071429
0 0.183916 0.474490 0.051917 0.075510
0 0.227435 0.462245 0.062606 0.083673
0 0.321963 0.367347 0.071858 0.050420
0 0.298609 0.348139 0.055690 0.036014
0 0.252799 0.348739 0.048504 0.044418
0 0.179109 0.358503 0.047845 0.044898
0 0.051832 0.331633 0.044282 0.046939
0 0.111607 0.480230 0.056307 0.054847
0 0.151690 0.533163 0.077303 0.048469
0 0.134989 0.614796 0.061079 0.040816
0 0.123059 0.669643 0.058216 0.038265
0 0.028101 0.467474 0.041992 0.049745
0 0.067229 0.500638 0.022905 0.049745
0 0.106358 0.394133 0.028631 0.043367
0 0.072956 0.355867 0.022905 0.030612
0 0.013785 0.326531 0.024813 0.051020
0 0.096337 0.378827 0.027676 0.028061