0 0.536650 0.736735 0.274877 0.293878
0 0.682488 0.520408 0.233645 0.167347
2 0.769532 0.212245 0.111478 0.163265
0 0.403030 0.413265 0.080936 0.148980
0 0.404557 0.221429 0.236700 0.181632
4 0.268645 0.670408 0.212266 0.459184
3 0.070123 0.738776 0.132857 0.151020
2 0.042635 0.835714 0.053448 0.128571
5 0.576355 0.569388 0.048867 0.093878
1 0.122808 0.227551 0.244335 0.348980
3 0.782512 0.515306 0.122167 0.116327
3 0.625222 0.462245 0.091626 0.087755
1 0.965320 0.619388 0.069360 0.193878
2 0.916133 0.226531 0.126749 0.155102