0 0.393424 0.632653 0.122449 0.110204
0 0.227891 0.628980 0.181406 0.093878
0 0.420635 0.417551 0.176871 0.064490
3 0.631519 0.244298 0.172336 0.121248
1 0.731293 0.543878 0.226757 0.116327
1 0.760487 0.623980 0.203515 0.082653
3 0.967687 0.341837 0.064626 0.067347
2 0.078231 0.402041 0.145125 0.110204
0 0.535226 0.764251 0.112597 0.039409
0 0.527406 0.857143 0.106341 0.047854
0 0.345318 0.916567 0.137696 0.087635
1 0.710284 0.891957 0.192077 0.084034
1 0.102041 0.531813 0.197412 0.086435
1 0.053688 0.609844 0.107376 0.069628
1 0.750300 0.801921 0.197412 0.072029