0 0.606576 0.332653 0.131519 0.069388
0 0.425170 0.344898 0.122449 0.061224
0 0.529478 0.295918 0.086168 0.048980
3 0.835601 0.272449 0.145125 0.051020
3 0.803855 0.390816 0.145125 0.046939
5 0.953927 0.353803 0.080396 0.063822
1 0.619384 0.601663 0.203242 0.104308
1 0.926974 0.458998 0.146052 0.114657
4 0.183390 0.485714 0.282879 0.157143
1 0.273243 0.614286 0.226757 0.061224
1 0.647392 0.833673 0.158730 0.120408
0 0.077948 0.295918 0.109599 0.051020
0 0.252740 0.334184 0.179516 0.069728
3 0.833286 0.203827 0.112339 0.046429
3 0.798847 0.146684 0.111489 0.053571
0 0.601379 0.250000 0.117158 0.039116
0 0.426587 0.106293 0.111489 0.037415
0 0.550359 0.088861 0.098262 0.029762
5 0.965420 0.153571 0.052154 0.045918
1 0.943465 0.222635 0.113069 0.113173