5 0.763126 0.414966 0.100006 0.123496
1 0.624717 0.320408 0.149660 0.122449
0 0.477324 0.272449 0.108844 0.087755
0 0.395146 0.330801 0.107500 0.069010
3 0.463719 0.610317 0.272109 0.154875
3 0.436508 0.713265 0.380952 0.140816
1 0.620160 0.199924 0.194970 0.139834
0 0.461451 0.175510 0.122449 0.106122
1 0.587258 0.394296 0.206436 0.049712
0 0.335517 0.162509 0.099101 0.078609
0 0.348954 0.232804 0.109179 0.036281
0 0.384228 0.175737 0.065508 0.071807
3 0.451415 0.876039 0.250273 0.173847
1 0.625262 0.966364 0.204921 0.067271