5 0.729025 0.362245 0.095238 0.083673
3 0.465986 0.280612 0.158730 0.128571
3 0.427438 0.408163 0.154195 0.089796
1 0.742630 0.921429 0.185941 0.157142
1 0.715420 0.392857 0.167800 0.120408
1 0.345805 0.258163 0.145125 0.104082
0 0.233560 0.307347 0.092517 0.071020
0 0.320635 0.373878 0.088889 0.058776
0 0.305215 0.259592 0.116100 0.058776
1 0.348994 0.185587 0.170068 0.036990
1 0.693500 0.072562 0.201562 0.111111
0 0.034271 0.313544 0.068542 0.059369
0 0.048701 0.378942 0.097402 0.056586
0 0.341309 0.956721 0.134491 0.086558