3 0.143991 0.487755 0.140590 0.126531
3 0.223356 0.541837 0.136054 0.087755
1 0.550812 0.392320 0.174185 0.092911
5 0.568027 0.306679 0.099773 0.064193
0 0.141723 0.668367 0.126984 0.055102
0 0.165869 0.761564 0.099101 0.041497
0 0.218821 0.751020 0.117914 0.065306
5 0.566297 0.137487 0.114572 0.077336
1 0.185583 0.154672 0.116959 0.126745
3 0.128297 0.039205 0.159924 0.076262
1 0.043561 0.551557 0.081155 0.132116
1 0.199009 0.559613 0.125313 0.137487
0 0.204502 0.823129 0.122617 0.075586
0 0.078525 0.888889 0.115898 0.028723