3 0.620206 0.524639 0.113569 0.128121
1 0.414454 0.534494 0.094395 0.167543
3 0.604720 0.798622 0.176991 0.155717
1 0.075959 0.635020 0.151917 0.128121
1 0.344395 0.043035 0.122419 0.086069
5 0.695428 0.430026 0.028024 0.029566
5 0.667404 0.040734 0.033923 0.043364
5 0.745575 0.021023 0.028024 0.035480
2 0.379794 0.291063 0.019174 0.055191
2 0.384956 0.355124 0.029499 0.045335
2 0.423304 0.338370 0.079646 0.055191
2 0.424041 0.291063 0.066372 0.051249
0 0.044248 0.744416 0.073746 0.090671
0 0.277286 0.612353 0.141593 0.086728
0 0.325959 0.688240 0.103245 0.104468
0 0.388643 0.736532 0.119469 0.141919
0 0.769174 0.768070 0.146018 0.134035
0 0.961652 0.746387 0.076696 0.106439