0 0.285398 0.621223 0.134218 0.104468
0 0.318584 0.718792 0.120944 0.102497
0 0.400442 0.761171 0.148968 0.167543
0 0.789086 0.767084 0.153392 0.124179
5 0.698378 0.408344 0.039823 0.037451
3 0.623894 0.506899 0.129794 0.147832
3 0.613569 0.811434 0.188791 0.161630
1 0.396018 0.550263 0.125369 0.175428
1 0.285398 0.558147 0.116519 0.088699
1 0.312684 0.035150 0.123894 0.070300
2 0.342183 0.287121 0.073746 0.063075
2 0.418142 0.280222 0.078171 0.061104
2 0.348083 0.352168 0.100295 0.059133
2 0.414454 0.327529 0.088496 0.057162