3 0.262537 0.603483 0.197640 0.167543
3 0.039086 0.732590 0.075221 0.173457
3 0.252212 0.851841 0.159292 0.230619
3 0.030973 0.952038 0.061946 0.095924
3 0.206490 0.123520 0.197640 0.185283
2 0.640855 0.299933 0.075221 0.072931
2 0.639381 0.222075 0.072271 0.118266
2 0.683628 0.193494 0.039823 0.104468
2 0.696903 0.298948 0.045723 0.078844
5 0.292773 0.243757 0.054572 0.078844
1 0.401180 0.747373 0.182891 0.183312
1 0.356195 0.903090 0.181416 0.139948
1 0.333333 0.041063 0.150442 0.082126
0 0.795723 0.915572 0.231563 0.168855