3 0.473451 0.564061 0.141593 0.124179
3 0.588496 0.571945 0.168142 0.151775
2 0.796460 0.125491 0.259587 0.126150
2 0.897493 0.238829 0.199115 0.136006
2 0.893805 0.040078 0.212389 0.080156
5 0.819322 0.517740 0.060472 0.043364
0 0.375369 0.678385 0.205015 0.136006
0 0.333333 0.738503 0.156342 0.098555
0 0.159292 0.643890 0.120944 0.130093
0 0.109145 0.806506 0.123894 0.128121
0 0.153392 0.936269 0.115044 0.127462
1 0.280236 0.673457 0.112094 0.149804
1 0.547935 0.656702 0.178466 0.151775
1 0.025074 0.722734 0.047198 0.185283