4 0.414454 0.889299 0.221239 0.221402
0 0.398968 0.767126 0.033923 0.121272
0 0.404867 0.604884 0.030973 0.131105
0 0.502212 0.570469 0.036873 0.101606
0 0.499263 0.719600 0.028024 0.117994
0 0.439528 0.595051 0.032448 0.091773
0 0.438053 0.724517 0.026549 0.121272
1 0.597345 0.080465 0.109145 0.131105
1 0.693953 0.083743 0.107670 0.144215
1 0.838496 0.111603 0.098820 0.160603
1 0.906342 0.190265 0.116519 0.219600
1 0.658555 0.695018 0.092920 0.140937
1 0.610619 0.573746 0.064897 0.134382
3 0.487463 0.406588 0.054572 0.147493