3 0.212389 0.129433 0.200590 0.130093
3 0.244100 0.539422 0.175516 0.122208
3 0.215339 0.722734 0.150442 0.145861
5 0.297935 0.255584 0.076696 0.063075
2 0.659292 0.379763 0.082596 0.063075
2 0.713127 0.377792 0.060472 0.086728
2 0.660029 0.304861 0.075221 0.082786
2 0.713864 0.302890 0.035398 0.070960
1 0.070059 0.716821 0.140118 0.134035
1 0.050147 0.842971 0.100294 0.145861
1 0.322271 0.801578 0.190265 0.126150
1 0.382743 0.674442 0.181416 0.124179
1 0.362094 0.068659 0.202065 0.137318
0 0.782448 0.895205 0.234513 0.147832