0 0.396755 0.226982 0.088496 0.108419
0 0.511799 0.261479 0.100295 0.114333
0 0.705752 0.265421 0.069322 0.118275
0 0.876106 0.107721 0.103245 0.078850
1 0.825959 0.410308 0.126844 0.136016
1 0.190265 0.372854 0.159292 0.120246
0 0.716077 0.661643 0.119469 0.141930
2 0.332596 0.669528 0.089971 0.051253
2 0.179941 0.487187 0.106195 0.096591
5 0.890118 0.300904 0.066372 0.051253
5 0.716077 0.389610 0.054572 0.039425
3 0.500737 0.645873 0.060472 0.110390
3 0.608407 0.664599 0.104720 0.088706
4 0.031711 0.744435 0.060472 0.161643