2 0.351032 0.355124 0.097345 0.072931
2 0.412242 0.301904 0.101770 0.065046
2 0.335546 0.274309 0.081121 0.096584
2 0.406342 0.234887 0.095870 0.088699
1 0.401180 0.589685 0.129794 0.246387
1 0.286136 0.645861 0.123894 0.110382
1 0.076696 0.874509 0.147493 0.189226
5 0.698378 0.328514 0.036873 0.043364
3 0.626106 0.482260 0.122419 0.173457
3 0.656342 0.876480 0.123894 0.197110
0 0.800885 0.763142 0.147493 0.159659
0 0.404867 0.871552 0.151917 0.250330
0 0.324484 0.828188 0.115044 0.132064
0 0.269174 0.715835 0.134218 0.167543