1 0.289086 0.071286 0.212389 0.136006
1 0.407080 0.670500 0.174041 0.136006
1 0.381268 0.787781 0.205015 0.134035
1 0.087021 0.740474 0.174041 0.094613
1 0.090708 0.866625 0.181416 0.189226
5 0.266224 0.264454 0.063422 0.061104
2 0.624631 0.317673 0.066372 0.084757
2 0.665929 0.304861 0.060472 0.078844
2 0.638643 0.374835 0.073746 0.076873
2 0.683628 0.378777 0.036873 0.068988
3 0.258112 0.551249 0.171091 0.145861
3 0.253687 0.728648 0.132743 0.145861
0 0.842920 0.881408 0.234513 0.155717
3 0.157817 0.153086 0.185841 0.165572
3 0.033186 0.593627 0.066372 0.155717
3 0.025074 0.772012 0.050147 0.122208