2 0.878319 0.247699 0.231563 0.130093
2 0.870206 0.112679 0.253687 0.124179
0 0.441003 0.652760 0.053097 0.124179
0 0.654130 0.849870 0.107670 0.167543
0 0.694690 0.707951 0.097345 0.116295
5 0.565634 0.509855 0.051622 0.047306
5 0.965339 0.476347 0.069322 0.063075
3 0.674779 0.094939 0.125369 0.124179
3 0.704277 0.490145 0.148968 0.122208
3 0.894543 0.644876 0.122419 0.179370
1 0.780973 0.739489 0.148968 0.230619
1 0.278761 0.691197 0.144543 0.157688
1 0.022861 0.744416 0.042773 0.169515
2 0.805310 0.259526 0.064897 0.189226