1 0.192478 0.402423 0.166667 0.132074
1 0.800885 0.395524 0.117994 0.114333
0 0.678466 0.265421 0.064897 0.114333
0 0.831121 0.111664 0.107670 0.086735
0 0.500737 0.268378 0.095870 0.100534
0 0.385693 0.256551 0.084071 0.104476
0 0.719027 0.636016 0.122419 0.141930
5 0.865044 0.286119 0.051622 0.045339
5 0.692478 0.382711 0.054572 0.033511
3 0.609145 0.648829 0.109145 0.092649
3 0.511062 0.630103 0.063422 0.110390
2 0.348820 0.671499 0.087021 0.067023
2 0.194690 0.507885 0.103245 0.090678
4 0.047935 0.839692 0.095870 0.320616