1 0.022861 0.746387 0.039823 0.185283
5 0.812684 0.510841 0.067847 0.061104
1 0.286873 0.683312 0.125369 0.145861
1 0.543510 0.668529 0.184366 0.143890
3 0.474926 0.566032 0.138643 0.128121
3 0.589971 0.560119 0.144543 0.128121
2 0.790560 0.114650 0.259587 0.147832
2 0.892330 0.218133 0.209440 0.130093
2 0.886431 0.046977 0.227138 0.093953
0 0.107670 0.824246 0.138643 0.132064
0 0.160029 0.658674 0.134218 0.124179
0 0.356932 0.687254 0.230088 0.130093
0 0.339233 0.745402 0.162242 0.132064
0 0.152655 0.943168 0.113569 0.113664