1 0.226401 0.180682 0.148968 0.323260
1 0.100295 0.206306 0.123894 0.224705
1 0.385693 0.306832 0.172566 0.161630
0 0.435841 0.054861 0.228614 0.109722
0 0.573746 0.231930 0.106195 0.106439
0 0.864307 0.049933 0.168142 0.099866
3 0.503687 0.321615 0.154867 0.155717
3 0.634218 0.346254 0.112094 0.145861
2 0.609882 0.597569 0.084071 0.072931
2 0.817109 0.611367 0.097345 0.084757
2 0.867257 0.630093 0.050147 0.070960
2 0.618732 0.587714 0.101770 0.080815
5 0.435103 0.477332 0.047198 0.041393
2 0.603245 0.679370 0.088496 0.102497